Kennzeichen
Juli 2024
Summe von Anzahl
Summe von Bonus
August 2024
Summe von Anzahl
Summe von Bonus
September 2024
Summe von Anzahl
Summe von Bonus
Oktober 2024
Summe von Anzahl
Summe von Bonus
November 2024
Summe von Anzahl
Summe von Bonus
Dezember 2024
Summe von Anzahl
Summe von Bonus
Januar 2025
Summe von Anzahl
Summe von Bonus
Februar 2025
Summe von Anzahl
Summe von Bonus
März 2025
Summe von Anzahl
Summe von Bonus
April 2025
Summe von Anzahl
Summe von Bonus
Mai 2025
Summe von Anzahl
Summe von Bonus
Juni 2025
Summe von Anzahl
Summe von Bonus
Juli 2025
Summe von Anzahl
Summe von Bonus
August 2025
Summe von Anzahl
Summe von Bonus
Oktober 2025
Summe von Anzahl
Summe von Bonus
November 2025
Summe von Anzahl
Summe von Bonus
Zeilensummen
Summe von Anzahl
Summe von Bonus
B-CB8082
B-ER3140
B-ER3150
B-ER3159
B-ER3160
B-ER3162
B-ER3163
B-ER3402
B-ER3602
B-ER3902
B-ER4002
B-ER4102
B-ER4502
B-ER5002
B-ER5502
B-ER6002
B-ER8002
B-LA8459
B-VZ5000
B-WP4000
B-TH597
B-AJ361
B-SF1095
B-SF1146
B-SF1138
Gesamtsummen
517
250
361
250
2,290
400
1,039
400
994
400
1,169
400
693
250
615
250
604
250
683
250
753
400
660
250
945
400
633
250
106
0
875
400
12,937
4,800
624
250
737
400
1,814
400
753
400
676
250
526
250
523
250
557
250
763
400
888
400
871
400
816
400
681
250
755
400
520
250
467
250
11,971
5,200
1,301
400
736
400
1,186
400
1,168
400
1,090
400
978
400
690
250
845
400
634
250
826
400
1,090
400
940
400
329
250
103
0
11,916
4,750
817
400
730
400
1,576
400
1,246
400
445
250
4,814
1,850
710
400
748
400
908
400
482
250
537
250
886
400
1,026
400
831
400
802
400
401
250
213
0
7,544
3,550
953
400
996
400
1,940
400
930
400
878
400
834
400
813
400
632
250
1,001
400
828
400
820
400
691
250
708
400
633
250
965
400
800
400
14,422
5,950
758
400
1,006
400
2,120
400
936
400
1,050
400
1,041
400
372
250
437
250
135
0
312
250
515
250
649
250
154
0
635
250
126
0
350
250
10,596
4,150
1,059
400
1,107
400
1,974
400
1,153
400
1,012
400
1,045
400
833
400
993
400
1,128
400
1,021
400
1,115
400
495
250
577
250
762
400
1,010
400
746
400
16,030
6,100
925
400
1,338
400
2,340
400
1,064
400
1,134
400
1,144
400
1,115
400
615
250
1,162
400
1,204
400
1,225
400
1,101
400
874
400
309
250
1,139
400
1,059
400
17,748
6,100
805
400
750
400
1,716
400
977
400
944
400
932
400
948
400
906
400
550
250
977
400
1,034
400
362
250
430
250
1,050
400
789
400
225
0
13,395
5,550
969
400
614
250
1,588
400
873
400
827
400
631
250
817
400
537
250
635
250
1,059
400
899
400
9,449
3,800
775
400
668
250
942
400
355
250
616
250
725
400
367
250
840
400
728
400
624
250
790
400
859
400
1,260
400
1,150
400
907
400
740
400
12,346
5,650
357
250
371
250
1,264
400
708
400
736
400
623
250
606
250
1,144
400
1,207
400
567
250
1,102
400
705
400
1,198
400
1,390
400
853
400
843
400
13,674
5,650
284
250
447
250
1,756
400
689
250
596
250
730
400
504
250
992
400
1,149
400
1,122
400
987
400
726
400
988
400
961
400
682
250
773
400
13,386
5,500
832
400
791
400
1,174
400
584
250
489
250
435
250
667
250
584
250
516
250
888
400
1,225
400
735
400
1,025
400
688
250
635
250
909
400
12,177
5,200
286
250
797
400
1,718
400
813
400
957
400
900
400
547
250
1,041
400
757
400
822
400
895
400
533
250
812
400
1,152
400
1,182
400
1,002
400
14,214
5,950
560
250
372
250
132
0
159
0
774
400
1,289
400
1,147
400
508
250
926
400
812
400
1,080
400
985
400
924
400
541
250
881
400
833
400
11,923
5,000
1,013
400
555
250
1,762
400
760
400
988
400
1,049
400
1,003
400
906
400
1,071
400
920
400
969
400
671
250
702
400
990
400
465
250
13,824
5,550
805
400
919
400
1,732
400
680
250
705
400
761
400
952
400
740
400
875
400
629
250
784
400
235
0
1,054
400
762
400
1,019
400
723
400
13,375
5,700
921
400
985
400
1,064
400
904
400
662
250
618
250
755
400
943
400
939
400
1,228
400
1,261
400
452
250
10,732
4,350
256
250
432
250
542
250
173
0
585
250
642
250
486
250
498
250
446
250
446
250
462
250
474
250
5,442
2,750
72
0
507
250
483
250
1,219
400
807
400
641
250
3,729
1,550
486
250
679
250
1,147
400
1,168
400
902
400
4,382
1,700
272
250
649
250
609
250
637
250
2,167
1,000
140
0
947
400
1,087
400
15,271
7,100
15,028
6,950
30,996
7,600
16,273
6,850
16,366
7,200
16,748
7,100
14,920
6,500
14,839
6,400
16,167
6,700
16,453
6,950
18,186
7,300
13,106
5,950
14,541
6,400
15,975
6,400
14,465
5,900
13,946
6,450
263,280
10